function [refsin, refcos] = lut_1477()
% Lookup table function for frequency 1477 Hz
% Returns refsin and refcos arrays containing precomputed sine and cosine values

% Precomputed sine and cosine values for 1477 Hz
% These values should be computed beforehand based on your sampling rate and frame size
% For demonstration, Im including sample values (you should replace these with actual computed values)

refsin = [ ... % Add actual sine values for 1477 Hz here
    0,0.2859601515,0.5480377749,0.7643449385,0.9168163214,0.9927179741,0.9857108199,0.8963800751,0.7321863738,0.5068426779,0.2391690123,-0.04847932676,-0.3320788189,-0.5879440911,-0.7947060485,-0.935096557,-0.9973906252,-0.9763856409,-0.8738358767,-0.6983059793,-0.4644556756,-0.1918154367,0.0968446482,0.3774165606,0.6264677817,0.8231983058,0.9511777936,0.999717785,0.9647643664,0.8492367417,0.6627834292,0.4209764466,0.1440107826,-0.1449822271,-0.421866759,-0.6635182533,-0.8497547072,-0.9650222143,-0.9996939808,-0.9508743253,-0.822640518,-0.6257022593,-0.3765072377,-0.09586746867,0.1927788617,0.4653248839,0.6990083771,0.8743128019,0.9765972621,0.9973192685,0.9347481818,0.7941097502,0.5871496706,0.3311526239,0.0474987102,-0.2401221523,-0.5076887379,-0.7328546934,-0.8968148384,-0.9858757167,-0.9925992327,-0.9164238587,-0.7637115319,-0.5472163245,-0.2850192625,0.0009817475465,0.286900765,0.548858697,0.7649776084,0.9172079003,0.9928357587,0.985544973,0.8959444479,0.7315173484,0.5059961294,0.2382156419,-0.04945989659,-0.3330046939,-0.5887379449,-0.7953015809,-0.9354440308,-0.9974610206,-0.9761730786,-0.8733581093,-0.6976029085,-0.4635860198,-0.1908518268,0.09782173438,0.3783255197,0.6272327003,0.8237553001,0.9514803453,0.9997406257,0.9645055885,0.8487179577,0.6620479663,0.4200857284,0.1430391992,-0.1459535319,-0.4227566648,-0.6642524379,-0.8502718536,-0.9652791322,-0.999669213,-0.9505699404,-0.8220819374,-0.6249361338,-0.3755975519,-0.09489019675,0.193742101,0.4661936436,0.6997101011,0.8747888843,0.976807942,0.9972469506,0.9343989058,0.7935126865,0.5863546842,0.3302261097,0.04651804787,-0.2410750608,-0.5085343086,-0.7335223067,-0.8972487373,-0.9860396632,-0.9924795346,-0.9160305128,-0.7630773892,-0.5463943467,-0.2840780987,0.001963494147,0.2878411019,0.5496790902,0.765609541,0.9175985953,0.9929525863,0.9853781763,0.8955079571,0.730847618,0.5051490932,0.2372620418,-0.05044041875,-0.3339302479,-0.5895312312,-0.7958963467,-0.9357906031,-0.9975304547,-0.9759595755,-0.8728795002,-0.6968991653,-0.462715917,-0.1898880329,0.09879872627,0.3792341142,0.6279970143,0.8243115005,0.9517819798,0.9997625028,0.9642458811,0.8481983556,0.6613118653,0.4191946054,0.142067478,-0.146924696,-0.4236461631,-0.6649859823,-0.8507881806,-0.9655351197,-0.9996434817,-0.9502646394,-0.8215225644,-0.624169406,-0.374687504,-0.09391283337,0.1947051535,0.467061954,0.7004111508,0.8752641237,0.9770176805,0.9971736714,0.9340487291,0.792914858,0.5855591327,0.3292992772,0.04553734069,-0.242027737,-0.5093793891,-0.7341892131,-0.8976817714,-0.9862026594,-0.9923588799,-0.915636284,-0.762442511,-0.5455718423,-0.2831366611,0.002945238855,0.2887811614,0.5504989535,0.7662407357,0.9179884059,0.993068457,0.9852104298,0.8950706032,0.7301771832,0.5043015701,0.236308213,-0.0514208923,-0.33485548,-0.5903239494,-0.7964903454,-0.9361362734,-0.9975989272,-0.9757451317,-0.8724000497,-0.6961947505,-0.4618453684,-0.188924056,0.09977562295,0.3801423432,0.6287607231,0.8248669064,0.952082697,0.9997834163,0.9639852442,0.8476779361,0.6605751269,0.4183030783,0.1410956199,-0.1478957185,-0.4245352532,-0.6657188857,-0.8513036875,-0.9657901766,-0.999616787,-0.9499584224,-0.8209623996,-0.6234020766,-0.3737770951,-0.09293537947,0.1956680184,0.4679298143,0.7011115253,0.8757385194,0.9772264772,0.9970994312,0.9336976521,0.7923162652,0.5847630168,0.3283721274,0.04455658963,-0.2429801799,-0.5102239787,-0.7348554118,-0.8981139403,-0.9863647051,-0.9922372688,-0.9152411726,-0.761806898,-0.5447488121,-0.2821949507,0.003926980724,0.2897209425,0.5513182863,0.7668711918,0.9183773316,0.9931833704,0.9850417338,0.8946323866,0.7295060446,0.503453561,0.2353541565,-0.05240131628,-0.3357803894,-0.5911160985,-0.7970835764,-0.9364810414,-0.9976664383,-0.9755297474,-0.8719197584,-0.6954896646,-0.4609743745,-0.187959897,0.1007524235,0.3810502058,0.6295238258,0.8254215172,0.9523824965,0.9998033661,0.9637236783,0.8471566995,0.6598377518,0.417411148,0.1401236258,-0.1488665984,-0.425423934,-0.6664511475,-0.851818374,-0.9660443026,-0.9995891287,-0.9496512899,-0.8204014435,-0.6226341464,-0.3728663259,-0.09195783601,0.1966306946,0.4687972235,0.7018112242,0.876212071,0.9774343321,0.9970242299,0.9333456753,0.7917169088,0.5839663373,0.327444661,0.04357579562,-0.2439323886,-0.5110680765,-0.7355209022,-0.8985452436,-0.9865258001,-0.9921147013,-0.9148451791,-0.7611705507,-0.5439252568,-0.2812529682,0.004908718808,0.2906604445,0.5521370876,0.7675009089,0.9187653723,0.9932973267,0.9848720883,0.8941933078,0.7288342029,0.5026050666,0.2343998731,-0.05338168976,-0.3367049752,-0.591907678,-0.7976760392,-0.9368249069,-0.9977329878,-0.9753134229,-0.8714386267,-0.6947839084,-0.4601029364,-0.1869955568,0.1017291269,0.3819577011,0.6302863218,0.8259753325,0.9526813781,0.9998223524,0.9634611835,0.8466346464,0.6590997408,0.4165188154,0.1391514966,-0.1498373349,-0.4263122048,-0.6671827669,-0.8523322394,-0.9662974975,-0.9995605071,-0.9493432421,-0.8198396967,-0.6218656161,-0.3719551973,-0.0909802039,0.1975931814,0.4696641809,0.7025102466,0.8766847782,0.977641245,0.9969480677,0.9329927988,0.7911167893,0.5831690949,0.3265168791,0.04259495961,-0.2448843622,-0.5119116817,-0.7361856837,-0.8989756808,-0.9866859442,-0.9919911776,-0.9144483039,-0.7605334698,-0.5431011772,-0.2803107147,0.005890452161,0.2915996662,0.5529553569,0.7681298862,0.9191525273,0.9934103255,0.9847014936,0.8937533671,0.7281616587,0.5017560878,0.2334453639,-0.05436201179,-0.3376292364,-0.5926986869,-0.7982677332,-0.9371678694,-0.9977985756,-0.9750961584,-0.8709566551,-0.6940774825,-0.4592310548,-0.1860310365,0.1027057322,0.3828648283,0.6310482103,0.8265283517,0.9529793415,0.999840375,0.9631977601,0.8461117774,0.6583610945,0.4156260814,0.1381792333,-0.150807927,-0.4272000647,-0.6679137433,-0.8528452833,-0.9665497611,-0.999530922,-0.9490342792,-0.8192771598,-0.6210964863,-0.3710437102,-0.09000248411,0.1985554777,0.4705306856,0.7032085918,0.8771566403,0.9778472155,0.9968709446,0.9326390231,0.7905159073,0.5823712905,0.3255887824,0.04161408255,-0.2458360998,-0.5127547935,-0.7368497556,-0.8994052516,-0.9868451373,-0.9918666978,-0.9140505473,-0.7598956558,-0.5422765742,-0.279368191,0.006872179837,0.2925386069,0.5537730931,0.7687581231,0.9195387965,0.9935223669,0.9845299499,0.893312565,0.7274884127,0.5009066254,0.2324906296,-0.05534228142,-0.3385531722,-0.5934891246,-0.7988586578,-0.9375099286,-0.9978632017,-0.9748779541,-0.870473844,-0.6933703876,-0.4583587306,-0.1850663368,0.1036822386,0.3837715865,0.6318094906,0.8270805743,0.9532763864,0.9998574339,0.9629334083,0.8455880928,0.6576218136,0.4147329468,0.1372068369,-0.1517783737,-0.4280875129,-0.6686440759,-0.8533575052,-0.9668010931,-0.9995003736,-0.9487244017,-0.8187138331,-0.620326758,-0.3701318655,-0.08902467758,0.1995175826,0.4713967368,0.7039062594,0.8776276571,0.9780522436,0.9967928606,0.9322843485,0.7899142634,0.5815729248,0.3246603719,0.04063316538,-0.2467876004,-0.5135974112,-0.7375131174,-0.8998339555,-0.9870033793,-0.991741262,-0.9136519097,-0.7592571095,-0.5414514486,-0.278425398,0.007853900889,0.2934772657,0.5545902956,0.7693856191,0.9199241794,0.9936334507,0.9843574571,0.8928709018,0.7268144655,0.5000566802,0.2315356712,-0.05632249771,-0.3394767817,-0.5942789902,-0.7994488124,-0.9378510842,-0.9979268661,-0.9746588101,-0.869990194,-0.6926626245,-0.4574859646,-0.1841014587,0.104658645,0.3846779748,0.6325701619,0.8276319997,0.9535725125,0.9998735291,0.9626681284,0.8450635932,0.6568818989,0.4138394125,0.1362343082,-0.1527486741,-0.4289745484,-0.6693737641,-0.8538689047,-0.9670514932,-0.9994688618,