function [refsin, refcos] = lut_941()
% Lookup table function for frequency 941 Hz
% Returns refsin and refcos arrays containing precomputed sine and cosine values

refsin = [
    0,0.1837154578,0.3611770451,0.5263437802,0.6735932108,0.7979128091,0.8950706032,0.9617592381,0.9957085613,0.9957629017,0.9619204094,0.8953331191,0.7982677332,0.6740284611,0.5268445403,0.3617262687,0.1842944486,0.0005890485885,-0.1831364032,-0.3606276963,-0.5258428374,-0.6731577268,-0.7975576082,-0.8948077768,-0.961597733,-0.9956538754,-0.9958168966,-0.962081247,-0.8955953243,-0.7986223803,-0.6744634775,-0.5273451176,-0.3622753667,-0.1848733754,-0.001178096973,0.1825572851,0.3600782223,0.5253417122,0.6727220092,0.7972021305,0.8945446398,0.9614358943,0.9955988441,0.9958705459,0.9622417508,0.8958572188,0.7989767503,0.6748982599,0.5278455119,0.362824339,0.1854522381,0.001767144948,-0.1819781037,-0.3595286234,-0.5248404047,-0.6722860582,-0.7968463762,-0.8942811925,-0.961273722,-0.9955434673,-0.9959238497,-0.9624019207,-0.8961188024,-0.7993308431,-0.6753328081,-0.5283457231,-0.3633731855,-0.1860310365,-0.00235619231,0.1813988591,0.3589788997,0.5243389151,0.6718498739,0.7964903454,0.8940174349,0.9611112161,0.9954877451,0.995976808,0.9625617567,0.8963800751,0.7996846585,0.675767122,0.528845751,0.3639219058,0.1866097703,0.002945238855,-0.1808195516,-0.3584290515,-0.5238372436,-0.6714134565,-0.7961340383,-0.8937533671,-0.9609483768,-0.9954316774,-0.9960294206,-0.9627212586,-0.8966410368,-0.8000381964,-0.6762012014,-0.5293455954,-0.3644704999,-0.1871884393,-0.003534284377,0.1802401814,0.3578790789,0.5233353903,0.6709768061,0.7957774549,0.8934889891,0.960785204,0.9953752644,0.9960816877,0.9628804266,0.8969016873,0.8003914568,0.6766350462,0.5298452561,0.3650189675,0.1877670434,0.004123328674,-0.1796607486,-0.3573289821,-0.5228333554,-0.670539923,-0.7954205954,-0.8932243012,-0.9606216979,-0.995318506,-0.9961336091,-0.9630392604,-0.8971620267,-0.8007444394,-0.6770686563,-0.5303447329,-0.3655673084,-0.1883455824,-0.004712371539,0.1790812535,0.3567787613,0.5223311391,0.6701028071,0.7950634599,0.8929593033,0.9604578584,0.9952614022,0.9961851849,0.9631977601,0.8974220547,0.8010971442,0.6775020313,0.5308440257,0.3661155226,0.188924056,0.00530141277,-0.1785016962,-0.3562284168,-0.5218287416,-0.6696654588,-0.7947060485,-0.8926939956,-0.9602936857,-0.9952039531,-0.9962364151,-0.9633559255,-0.8976817714,-0.8014495711,-0.6779351713,-0.5313431344,-0.3666636096,-0.189502464,-0.005890452161,0.177922077,0.3556779486,0.521326163,0.6692278781,0.7943483614,0.8924283781,0.9601291798,0.9951461587,0.9962872996,0.9635137567,0.8979411766,0.8018017198,0.6783680761,0.5318420587,0.3672115695,0.1900808063,0.006479489508,-0.1773423961,-0.3551273571,-0.5208234035,-0.6687900651,-0.7939903986,-0.892162451,-0.9599643407,-0.995088019,-0.9963378384,-0.9636712536,-0.8982002702,-0.8021535903,-0.6788007455,-0.5323407984,-0.3677594019,-0.1906590827,-0.007068524607,0.1767626536,0.3545766423,0.5203204634,0.6683520202,0.7936321604,0.8918962143,0.9597991685,0.995029534,0.9963880314,0.9638284161,0.8984590522,0.8025051825,0.6792331794,0.5328393534,0.3683071068,0.1912372929,0.007657557254,-0.1761828498,-0.3540258044,-0.5198173426,-0.6679137433,-0.7932736468,-0.8916296682,-0.9596336634,-0.9949707038,-0.9964378788,-0.9639852442,-0.8987175224,-0.8028564963,-0.6796653776,-0.5333377236,-0.3688546838,-0.1918154367,-0.008246587243,0.1756029848,0.3534748438,0.5193140415,0.6674752347,0.792914858,0.8913628126,0.9594678252,0.9949115283,0.9964873804,0.9641417378,0.8989756808,0.8032075315,0.68009734,0.5338359087,0.3694021329,0.192393514,0.008835614371,-0.175023059,-0.3529237605,-0.5188105602,-0.6670364944,-0.792555794,-0.8910956478,-0.9593016542,-0.9948520076,-0.9965365363,-0.9642978969,-0.8992335273,-0.803558288,-0.6805290664,-0.5343339085,-0.3699494538,-0.1929715245,-0.009424638433,0.1744430724,0.3523725547,0.5183068989,0.6665975228,0.792196455,0.8908281738,0.9591351502,0.9947921418,0.9965853463,0.9644537214,0.8994910617,0.8039087656,0.6809605566,0.534831723,0.3704966463,0.1935494681,0.01001365923,-0.1738630253,-0.3518212267,-0.5178030578,-0.6661583198,-0.7918368411,-0.8905603907,-0.9589683135,-0.9947319307,-0.9966338106,-0.9646092112,-0.8997482841,-0.8042589644,-0.6813918106,-0.5353293518,-0.3710437102,-0.1941273445,-0.01060267654,0.1732829178,0.3512697766,0.517299037,0.6657188857,0.7914769525,0.8902922986,0.9588011441,0.9946713745,0.9966819291,0.9647643664,0.9000051942,0.804608884,0.6818228281,0.535826795,0.3715906455,0.1947051535,0.01119169018,-0.1727027502,-0.3507182046,-0.5167948367,-0.6652792206,-0.7911167893,-0.8900238976,-0.9586336419,-0.9946104732,-0.9967297017,-0.9649191867,-0.9002617921,-0.8049585245,-0.6822536091,-0.5363240522,-0.3721374517,-0.195282895,-0.01178069994,0.1721225227,0.3501665109,0.516290457,0.6648393246,0.7907563516,0.8897551878,0.9584658071,0.9945492268,0.9967771285,0.9650736723,0.9005180776,0.8053078857,0.6826841534,0.5368211233,0.3726841289,0.1958605687,0.0123697056,-0.1715422355,-0.3496146957,-0.5157858983,-0.664399198,-0.7903956395,-0.8894861692,-0.9582976398,-0.9944876353,-0.9968242095,-0.965227823,-0.9007740506,-0.8056569675,-0.6831144607,-0.5373180082,-0.3732306768,-0.1964381745,-0.01295870698,0.1709618888,0.3490627592,0.5152811606,0.6639588409,0.7900346531,0.889216842,0.95812914,0.9944256987,0.9968709446,0.9653816388,0.9010297111,0.8060057697,0.6835445311,0.5378147066,0.3737770951,0.1970157121,0.01354770386,-0.1703814827,-0.3485107016,-0.514776244,-0.6635182533,-0.7896733926,-0.8889472063,-0.9579603077,-0.994363417,-0.9969173337,-0.9655351197,-0.9012850589,-0.8063542922,-0.6839743642,-0.5383112184,-0.3743233838,-0.1975931814,-0.01413669604,0.1698010175,0.3479585231,0.5142711489,0.6630774356,0.7893118582,0.8886772621,0.957791143,0.9943007904,0.996963377,0.9656882655,0.9015400941,0.806702535,0.6844039601,0.5388075434,0.3748695425,0.198170582,0.01472568331,-0.1692204934,-0.3474062238,-0.5137658753,-0.6626363877,-0.7889500498,-0.8884070096,-0.957621646,-0.9942378187,-0.9970090743,-0.9658410762,-0.9017948164,-0.8070504979,-0.6848333184,-0.5393036815,-0.3754155712,-0.198747914,-0.01531466548,0.1686399106,0.346853804,0.5132604235,0.66219511,0.7885879677,0.8881364488,0.9574518167,0.9941745021,0.9970544257,0.9659935519,0.9020492258,0.8073981807,0.6852624392,0.5397996324,0.3759614697,0.1993251769,0.01590364233,-0.1680592693,-0.3463012638,-0.5127547935,-0.6617536025,-0.788225612,-0.8878655799,-0.9572816552,-0.9941108405,-0.9970994312,-0.9661456923,-0.9023033222,-0.8077455834,-0.6856913222,-0.5402953961,-0.3765072377,-0.1999023708,-0.01649261366,0.1674785696,0.3457486035,0.5122489857,0.6613118653,0.7878629828,0.8875944028,0.9571111615,0.994046834,0.9971440907,0.9662974975,0.9025571055,0.8080927058,0.6861199672,0.5407909722,0.377052875,0.2004794952,0.01708157927,-0.1668978119,-0.3451958232,-0.5117430001,-0.6608698987,-0.7875000802,-0.8873229178,-0.9569403357,-0.9939824826,-0.9971884041,-0.9664489674,-0.9028105757,-0.8084395478,-0.6865483742,-0.5412863608,-0.3775983815,-0.2010565501,-0.01767053895,0.1663169962,0.3446429232,0.511236837,0.6604277028,0.7871369043,0.887051125,0.9567691779,0.9939177863,0.9972323716,0.966600102,0.9030637326,0.8087861093,0.686976543,0.5417815615,0.378143757,0.2016335352,0.0182594925,-0.1657361228,-0.3440899035,-0.5107304964,-0.6599852778,-0.7867734554,-0.8867790243,-0.9565976882,-0.9938527451,-0.9972759931,-0.9667509012,-0.9033165762,-0.8091323901,-0.6874044734,-0.5422765742,-0.3786890013,-0.2022104504,-0.01884843972,0.1651551919,0.3435367645,0.5102239787,0.6595426237,0.7864097334,0.8865066159,0.9564258665,0.993787359,0.9973192685,0.966901365,0.9035691063,0.8094783903,0.6878321653,0.5427713988,0.3792341142,0.2027872954,0.01943738039,-0.1645742038,-0.3429835063,-0.5097172839,-0.6590997408,-0.7860457386,-0.8862339,-0.9562537129,-0.9937216282,-0.9973621979,-0.9670514932,-0.9038213229,-0.8098241095,-0.6882596185,-0.543266035,-0.3797790955,-0.20336407,-0.02002631432,0.1639931585,0.342430129,