function [refsin, refcos] = lut_697()
% Lookup table function for frequency 697 Hz
% Returns refsin and refcos arrays as row vectors

% Precomputed sine values for 697 Hz
refsin = [ ...
    0,0.1364288244,0.2703063959,0.3991291705,0.5204881302,0.6321138322,0.7319188483,0.8180367996,0.8888572592,0.9430558667,0.9796190947,0.9978632017,0.9974470185,0.9783783276,0.9410137185,0.8860519185,0.8145207271,0.7277577952,0.6273856115,0.5152811606,0.3935408237,0.2644411754,0.1303964113,-0.006086798181,-0.142456183,-0.2761616017,-0.4047027297,-0.5256758159,-0.6368186335,-0.7360527841,-0.8215225644,-0.8916296682,-0.9450630752,-0.9808235674,-0.9982424147,-0.9969938803,-0.9771013122,-0.9389367062,-0.8832137501,-0.810974477,-0.7235697792,-0.6226341464,-0.5100551001,-0.3879378964,-0.2585661574,-0.124359167,0.01217337085,0.1484782636,0.2820065759,0.410261295,0.5308440257,0.641499841,0.7401594496,0.8249778922,0.8943690428,0.9470352696,0.9819917011,0.9985846433,0.9965038041,0.9757880957,0.9368249069,0.8803428591,0.8073981807,0.7193549553,0.6178596131,0.5048101423,0.3823205962,0.2526815598,0.1183173153,-0.0182594925,-0.1544948432,-0.2878411019,-0.4158046603,-0.535992568,-0.6461572813,-0.7442386926,-0.828402655,-0.8970752815,-0.9489723769,-0.9831234526,-0.998889875,-0.995976808,-0.9744387267,-0.9346783987,-0.8774393519,-0.8037919707,-0.7151134796,-0.6130621884,-0.4995464816,-0.3766891313,-0.2467876004,-0.11227108,0.02434493765,0.1605056989,0.2936649635,0.4213326203,0.5411212521,0.6507907818,0.7482903619,0.8317967259,0.8997482841,0.9508743253,0.9842187799,0.9991580983,0.9954129114,0.9730532554,0.9324972612,0.874503336,0.8001559807,0.7108455094,0.6082420501,0.494264313,0.3710437102,0.2408844977,0.1062206851,-0.03042948083,-0.1665106078,-0.299477945,-0.4268449701,-0.546229888,-0.6554001709,-0.7523143075,-0.8351599792,-0.9023879514,-0.9527410443,-0.9852776424,-0.9993893033,-0.9948121354,-0.9716317329,-0.9302815751,-0.8715349203,-0.7964903454,-0.7065512028,-0.6033993768,-0.4889638322,-0.3653845422,-0.2349724703,-0.1001663547,0.03651289661,0.1725093477,0.3052798311,0.4323415056,0.5513182863,0.6599852778,0.7563103803,0.8384922903,0.9049941858,0.9545724647,0.9863000009,0.9995834815,0.9941745021,0.970174212,0.9280314227,0.8685342146,0.7927952005,0.7022307188,0.5985343478,0.4836452355,0.3597118369,0.2290517374,0.09410831332,-0.04259495961,-0.1785016962,-0.3110704066,-0.437822023,-0.5563862585,-0.6645459325,-0.7602784321,-0.8417935358,-0.9075668907,-0.9563685188,-0.9872858175,-0.9997406257,-0.9935000352,-0.9686807467,-0.9257468871,-0.8655013303,-0.789070683,-0.6978842176,-0.5936471435,-0.47830872,-0.3540258044,-0.2231225182,-0.08804678523,0.0486754445,0.1844874313,0.3168494572,0.4432863194,0.561433617,0.6690819662,0.7642183161,0.8450635932,0.9101059707,0.95812914,0.9882350558,0.99986073,0.9927887597,0.9671513923,0.9234280532,0.8624363795,0.7853169309,0.6935118601,0.5887379449,0.4729544835,0.3483266555,0.2171850324,0.08198199506,-0.05475412598,-0.1904663312,-0.3226167687,-0.4487341922,-0.5664601746,-0.6735932108,-0.7681298862,-0.8483023415,-0.9126113318,-0.9598542629,-0.9891476804,-0.99994379,-0.9920407018,-0.9655862055,-0.9210750067,-0.859339476,-0.7815340832,-0.6891138084,-0.5838069338,-0.4675827242,-0.3426146013,-0.2112395,-0.0759141675,0.06083077885,0.1964381745,0.3283721274,0.4541654397,0.5714657453,0.6780794991,0.7720129975,0.8515096606,0.9150828811,0.9615438238,0.9900236577,0.9999898027,0.9912558894,0.9639852442,0.918687835,0.8562107345,0.7777222801,0.6846902254,0.578854293,0.4621936413,0.3368898534,0.2052861414,0.06984352736,-0.06690517798,-0.2024027398,-0.3341153201,-0.4595798606,-0.5764501434,-0.6825406649,-0.7758675061,-0.8546854318,-0.9175205271,-0.9631977601,-0.9908629552,-0.9999987663,-0.9904343515,-0.9623485678,-0.9162666263,-0.8530502707,-0.7738816628,-0.680241275,-0.573880206,-0.4567874343,-0.3311526239,-0.1993251769,-0.06377029956,0.0729770983,0.2083598063,0.339846134,0.4649772544,0.5814131843,0.686976543,0.7796932693,0.8578295373,0.9199241794,0.9648160103,0.9916655417,0.9999706805,0.9895761186,0.9606762369,0.9138114705,0.849858202,0.7700123736,0.675767122,0.5688848571,0.4513643036,0.3254031254,0.1933568276,0.0576947091,-0.07904631486,-0.2143091531,-0.3455643567,-0.4703574209,-0.5863546842,-0.691386969,-0.7834901452,-0.8609418607,-0.9222937491,-0.9663985147,-0.9924313875,-0.9999055463,-0.9886812224,-0.9589683135,-0.9113224584,-0.8466346464,-0.7661145558,-0.6712679322,-0.5638684312,-0.4459244502,-0.3196415708,-0.1873813146,-0.05161698109,0.0851126028,0.2202505598,0.3512697766,0.475720161,0.59127446,0.6957717794,0.7872579933,0.8640222867,0.9246291483,0.9679452145,0.9931604643,0.9998033661,0.9877496961,0.9572248608,0.9087996824,0.8433797236,0.7621883539,0.6667438724,0.5588311144,0.4404680754,0.3138681738,0.1813988591,0.04553734069,-0.09117573737,-0.2261838064,-0.356962182,-0.4810652759,-0.5961723294,-0.7001308119,-0.7909966739,-0.8670707012,-0.9269302904,-0.9694560525,-0.9938527451,-0.9996641438,-0.9867815742,-0.9554459435,-0.9062432358,-0.8400935539,-0.7582339134,-0.66219511,-0.5537730931,-0.4349953816,-0.3080831481,-0.175409683,-0.03945601316,0.09723549392,0.2321086731,0.3626413622,0.4863925676,0.6010481109,0.7044639049,0.7947060485,0.8700869911,0.9291970904,0.9709309727,0.9945082041,0.9994878845,0.9857768926,0.9536316274,0.9036532134,0.8367762592,0.7542513807,0.6576218136,0.5486945549,0.4295065714,0.302286708,0.169414008,0.03337322381,-0.103291648,-0.2380249402,-0.3683071068,-0.4917018388,-0.605901624,-0.7087708979,-0.7983859797,-0.8730710448,-0.931429464,-0.9723699204,-0.9951268172,-0.9992745947,-0.9847356885,-0.9517819798,-0.9010297111,-0.8334279625,-0.7502409035,-0.6530241528,-0.5435956878,-0.4240018482,-0.2964790684,-0.1634120563,-0.027289198,0.1093439751,0.2439323886,0.3739592057,0.4969928926,0.6107326887,0.7130516314,0.8020363311,0.8760227517,0.9336273288,0.9737728423,0.9957085613,0.9990242823,0.9836580005,0.9498970692,0.8983728262,0.8300487876,0.7462026301,0.6484022977,0.5384766808,0.418481416,0.2906604445,0.1574040503,0.02120416113,-0.1153922511,-0.2498307995,-0.3795974497,-0.5022655331,-0.6155411261,-0.7173059467,-0.8056569675,-0.8789420024,-0.9357906031,-0.9751396865,-0.996253415,-0.9987369566,-0.9825438685,-0.9479769654,-0.895682657,-0.82663886,-0.7421367104,-0.6437564197,-0.5333377236,-0.4129454793,-0.2848310517,-0.1513902125,-0.01511833867,0.1214362519,0.2557199542,0.3852216298,0.507519565,0.620326758,0.7215336861,0.8092477547,0.8818286888,0.9379192069,0.9764704023,0.996761358,0.9984126283,0.9813933337,0.9460217396,0.8929593033,0.8231983058,0.738043295,0.6390866908,0.5281790064,0.4073942431,0.278991106,0.1453707658,0.009031956076,-0.1274757535,-0.2615996347,-0.3908315377,-0.5127547935,-0.6250894071,-0.7257346932,-0.8128085598,-0.8846827039,-0.9400130613,-0.9777649404,-0.9972323716,-0.9980513093,-0.9802064389,-0.9440314641,-0.890202866,-0.8197272525,-0.7339225354,-0.6343932842,-0.5230007206,-0.4018279133,-0.2731408239,-0.1393459332,-0.002945238855,0.1335105322,0.2674696231,0.3964269654,0.5179710248,0.6298288971,0.7299088121,0.8163392507,0.8875039421,0.9420720887,0.9790232528,0.9976664383,0.997653013,0.978983228,0.9420062129,0.8874134471,0.8162258288,0.7297745844,0.6296763736,0.5178030578,0.3962466959,0.2672804221,0.1333159379,-0.003141587486,-0.1395403644,-0.2733297018,-0.4020077058,-0.5231680655,-0.6345450522,-0.7340558884,-0.8198396967,-0.8902922986,-0.9440962129,-0.9802452929,-0.9980635419,-0.9972177542,-0.9777237463,-0.9399460608,-0.88459115,-0.8126941644,-0.7255995957,-0.6249361338,-0.5125862107,-0.3906507978,-0.2614101177,-0.1272810034,0.009228297432,0.1455650268,0.2791796539,0.407573552,0.5283457231,0.6392376977,0.7381757683,0.8233097681,0.8930476704,0.9460853588,0.9814310155,0.9984236679,0.9967455491,0.9764280404,0.9378510842,0.8817360793,0.8091323901,0.7213977239,0.6201727405,0.5073503726,0.3850404263,0.2555301282,0.1212413531,-0.01531466548,-0.151584296,-0.2850192625,-0.4131242978,-0.5335038058,-0.6439066599,-0.7422682991,-0.8267493364,